Base_RSS: 26.00 MB
MAE_KB: 122.9046636036708
RMSE_KB: 152.48472410423886
R2: 0.7726639527465782
MAPE: 16.45254041468598
